-2.0524867357917174 1.6673797390560594 -0.452 Aero1
-1.2646258807471895 2.3326923804970647 -0.455 Air3
-0.983943864597677 2.5680206830455745 -0.461 Air4
1.700345361779 -1.7571389221164395 -0.523 Balm2024
-1.1520666043761594 1.3819789840675867 -0.455 Barbe
3.187079673203698 1.0674760204504992 -0.834 Biche
4.71599110668285 0.9374036284647218 -0.803 Bonn
0.28161147094670014 -0.09452779233765796 -0.481 Brom
-1.8549494526423587 0.5255669972943338 -0.513 Cafta
-0.14198724324342038 -1.9046547858161489 -0.475 Calv
-0.05761054445338232 1.0693698591610428 -0.455 Canal2024
-2.8016589375583862 3.3016735492053044 -0.431 Ch2
-5.63957449874124 -1.5321076182523257 -0.491 Chav2024
-0.8025796460051424 -0.5613807051618096 -0.525 Coiff
1.0083164200950705 0.4133616701975029 -0.599 Colo
0.19588044453394104 2.246171955992338 -0.522 Cret2024
-3.4570502014139493 0.8317809200091801 -0.447 Creus
5.6395744987421494 2.4523564197576206 -0.74 Cuva
-1.3342833754131789 3.331556431756212 -0.446 Delt
1.2439721327491498 1.8800850641205216 -0.63 Feb23
-0.26763741398553975 2.1439066863322296 -0.49 Fonta
-4.062705399959668 0.6620376930281395 -0.475 Gcha
-1.2581332458148609 0.6328588413537091 -0.485 Gillon
-2.14138601931063 3.1936137595128002 -0.435 Iles
-3.4690713374893676 -3.059421948057661 -0.608 Lova
-1.603680290986631 -0.25708945068049616 -0.514 Lyc19
-1.454424600115999 0.22196907905282615 -0.539 Lyc2
1.7311807299847715 1.6348391088262701 -0.7 Mach
1.86436867863722 0.12669266680455848 -0.739 Mand1_2024
2.4492173824928614 0.5594099361540543 -0.783 Mand2_2024
-1.8339096614517985 -1.5543772942677379 -0.626 Marny
1.8071318342936138 2.297128324811297 -0.683 Mch2
-2.5597067152712043 -1.783138741703624 -0.615 Moir
-2.7405927095915104 -0.5008372937259082 -0.508 Monod
2.8841761401599797 -2.1787023886330417 -0.528 Mont2024
-0.6122296068133437 -0.8959048195363266 -0.59 MtAg
-1.9853933276299358 -2.652807787939139 -0.563 Nong
-3.3895469642502576 -0.40049520464401667 -0.5 Pach
1.586125376336895 1.3424422285598894 -0.663 Pipel
1.0468429377951907 2.401337963451965 -0.545 Pont
0.8378833163906165 -1.3002137497597914 -0.478 Ptbalm2024
2.5694969049754945 2.441284982134391 -0.605 Rodi
-2.0281719487838927 2.8328277516790763 -0.433 Rout
-1.0855465979166183 1.9976589701391845 -0.456 Spor
1.5141965906468613 -3.3315564317561552 -0.565 Stade2024
0.7044082402371714 1.116163372141557 -0.536 Tepp
1.9902869286888745 0.6356587770580973 -0.709 Tete
3.7220646538580695 -0.1695087161484139 -0.674 Vinc
